$ 1 4.9999999999999996E-6 16.13108636308289 47 5.0 50
s 224 192 224 304 0 1 false
w 208 128 320 128 0
w 320 320 320 336 0
f 224 304 320 304 0 1.5
w 208 128 208 192 0
R 208 128 160 128 0 0 40.0 5.0 0.0 0.0 0.5
g 320 336 320 352 0
s 176 192 176 304 0 1 false
w 208 192 224 192 0
w 208 192 176 192 0
r 176 304 224 304 0 100.0
178 384 192 496 192 0 1 0.2 4.999993999177387E-8 0.05 1000000.0 0.02 20.0
w 320 224 384 224 0
w 384 240 320 240 0
w 320 240 320 288 0
R 384 192 384 128 0 1 50.0 220.0 0.0 0.0 0.5
w 496 176 560 176 0
181 320 336 560 336 0 300.67683776418414 100.0 120.0 0.4 0.4
r 560 176 560 336 0 1000.0
r 320 128 320 224 0 100.0
